,,,November 2014,,,,,,,,,,,,,,November 2014,,,,,,,,,,,,,,November 2014,,,,,,,,,,,
Station No.,Station Name,Region,1,2,3,4,5,6,7,8,9,10,Decadal,Station No.,Station Name,Region,11,12,13,14,15,16,17,18,19,20,Decadal,Station No.,Station Name,Region,21,22,23,24,25,26,27,28,29,30,Decadal,Total
885,"MAINIT, SURIGAO DEL NORTE",13,23.0,1.2,1.2,0.2,0.2,0.2,0.0,0.8,0.0,1.2,28,885,"MAINIT, SURIGAO DEL NORTE","13",0.0,1.8,11.0,20.4,22.6,0.2,2.0,0.0,0.0,40.6,98.6,885,"MAINIT, SURIGAO DEL NORTE","13",1.0,0.0,2.4,11.4,50.2,106.4,1.4,73.4,41.6,0.0,287.8,414.4
881,"KORONADAL, SOUTH COTABATO",12,0.8,5.6,0.4,0.0,1.6,3.6,14.2,0.0,0.0,0.0,26.2,881,"KORONADAL, SOUTH COTABATO","12",0.0,0.0,0.0,0.0,2.6,4.6,0.0,0.0,0.0,1.2,8.4,881,"KORONADAL, SOUTH COTABATO","12",0.0,0.0,0.0,0.0,1.2,0.0,0.0,0.0,5.2,0.0,6.4,41
893,"PROSPERIDAD, AGUSAN DEL SUR",13,0.2,2.4,10.6,1.2,3.6,0.4,0.0,2.6,0.2,29.0,50.2,893,"PROSPERIDAD, AGUSAN DEL SUR","13",0.2,0.0,0.0,0.2,2.6,0.8,0.0,0.8,0.0,6.2,10.8,893,"PROSPERIDAD, AGUSAN DEL SUR","13",0.0,0.0,0.0,0.0,6.8,53.6,12.2,24.2,32.8,0.0,129.6,190.6
862,"TABUK, KALINGA",CAR,0.0,1.8,3.2,0.0,0.0,0.2,0.0,0.0,0.0,0.0,5.2,862,"TABUK, KALINGA","CAR",0.0,0.0,0.0,0.0,12.0,0.0,0.2,0.4,0.0,0.0,12.6,862,"TABUK, KALINGA","CAR",0.0,0.0,0.0,0.0,0.0,0.0,16.0,,1.8,0.0,17.8,35.6
295,"NSWRRDC SAN ILDEFONSO, BULACAN",3,0.0,0.0,0.0,0.0,0.0,0.0,4.6,0.0,0.0,0.0,4.6,295,"NSWRRDC SAN ILDEFONSO, BULACAN","3",0.0,0.0,0.0,0.0,0.0,0.0,0.0,0.4,23.4,0.0,23.8,295,"NSWRRDC SAN ILDEFONSO, BULACAN","3",4.2,0.8,4.6,0.0,0.0,0.0,0.0,,,,9.6,38
375,"DULAG, LEYTE",8,0.0,1.0,21.0,15.0,0.8,0.0,10.8,0.0,0.0,0.4,49,375,"DULAG, LEYTE","8",0.4,1.2,0.0,0.2,14.2,0.0,2.6,0.0,3.8,2.6,25,375,"DULAG, LEYTE","8",11.2,0.2,3.2,1.4,8.0,51.0,42.4,38.0,49.6,1.2,206.2,280.2
339,"STA. MARIA - PANGASINAN, PANGASINAN",1,0.0,0.0,0.0,0.0,0.0,0.0,0.0,0.0,0.0,0.0,0,339,"STA. MARIA - PANGASINAN, PANGASINAN","1",0.0,0.0,0.0,0.0,0.8,0.0,0.0,0.2,0.0,0.0,1,339,"STA. MARIA - PANGASINAN, PANGASINAN","1",0.0,0.0,0.0,0.0,0.0,0.0,0.2,0.0,0.0,0.0,0.2,1.2
373,"TANAY, RIZAL",4-A,1.4,0.0,4.4,0.4,0.0,0.0,0.0,1.8,0.0,0.0,8,373,"TANAY, RIZAL","4-A",0.0,0.0,0.0,16.0,1.4,0.0,0.0,0.0,19.4,1.0,37.8,373,"TANAY, RIZAL","4-A",0.0,0.0,0.0,0.0,0.6,0.0,16.2,0.6,7.6,7.0,32,77.8
366,"ISING, DAVAO DEL NORTE",11,0.0,0.8,7.0,0.0,1.2,20.4,0.2,16.6,0.0,0.0,46.2,366,"ISING, DAVAO DEL NORTE","11",0.0,0.0,16.0,5.4,0.0,0.0,0.0,0.0,13.2,0.0,34.6,366,"ISING, DAVAO DEL NORTE","11",0.0,0.0,0.0,10.0,4.2,16.6,18.6,12.8,1.2,0.0,63.4,144.2
368,"KITCHARAO, AGUSAN DEL NORTE",13,7.6,1.6,8.2,0.0,0.0,0.2,0.0,0.0,0.0,0.4,18,368,"KITCHARAO, AGUSAN DEL NORTE","13",0.0,0.0,2.0,3.4,0.6,0.0,0.0,0.0,0.0,41.8,47.8,368,"KITCHARAO, AGUSAN DEL NORTE","13",0.0,0.0,0.0,4.0,25.2,88.8,2.6,82.6,24.0,0.2,227.4,293.2
875,"LASAM, CAGAYAN",2,,,,,,,,,,,,875,"LASAM, CAGAYAN","2",,,,,,,,,,,,875,"LASAM, CAGAYAN","2",,,,,,,,,,,,
869,"MALAYBALAY, BUKIDNON",10,0.0,0.2,11.8,20.0,9.6,25.6,0.2,8.4,0.0,0.0,75.8,869,"MALAYBALAY, BUKIDNON","10",0.0,0.0,0.0,3.2,0.0,37.0,8.0,0.4,2.0,33.8,84.4,869,"MALAYBALAY, BUKIDNON","10",24.2,28.8,4.4,0.2,4.2,46.0,11.8,2.0,26.0,0.0,147.6,307.8
361,"VITALI DISTRICT, ZAMBOANGA CITY",9,0.2,0.0,0.0,0.2,0.0,4.6,0.2,0.0,0.0,0.0,5.2,361,"VITALI DISTRICT, ZAMBOANGA CITY","9",0.0,0.0,0.0,8.8,1.8,14.6,0.4,3.4,0.0,3.6,32.6,361,"VITALI DISTRICT, ZAMBOANGA CITY","9",0.0,0.0,0.0,0.2,0.6,0.2,2.4,0.2,4.2,0.0,7.8,45.6
933,"UPI AGRICULTURAL SCHOOL, MAGUINDANAO",ARMM,0.0,1.8,1.2,29.8,7.8,4.0,9.4,0.4,5.6,0.2,60.2,933,"UPI AGRICULTURAL SCHOOL, MAGUINDANAO","ARMM",0.0,0.0,0.0,0.0,1.0,2.0,0.0,1.0,2.8,27.2,34,933,"UPI AGRICULTURAL SCHOOL, MAGUINDANAO","ARMM",4.4,0.0,0.2,0.0,0.6,22.4,48.4,0.4,38.4,0.2,115,209.2
900,"CATUBIG, NORTHERN SAMAR",8,,,,,,,,,,,,900,"CATUBIG, NORTHERN SAMAR","8",,,,,,,,,,,,900,"CATUBIG, NORTHERN SAMAR","8",,,,,,,,,,,,
367,"PLARIDEL, MISAMIS OCCIDENTAL",10,0.0,0.0,1.0,5.2,0.4,0.6,0.4,0.2,0.4,0.2,8.4,367,"PLARIDEL, MISAMIS OCCIDENTAL","10",0.2,0.2,0.2,0.2,0.2,0.2,0.2,6.4,1.6,7.0,16.4,367,"PLARIDEL, MISAMIS OCCIDENTAL","10",2.0,7.6,1.6,0.0,8.4,34.6,0.4,0.4,35.0,0.0,90,114.8
853,"BANGA, AKLAN",6,0.0,0.0,0.0,0.0,2.6,0.0,15.2,0.6,10.6,3.0,32,853,"BANGA, AKLAN","6",1.2,6.4,0.0,2.2,4.2,5.2,31.4,0.0,62.0,13.6,126.2,853,"BANGA, AKLAN","6",8.4,0.8,0.0,3.2,3.6,10.6,27.2,0.0,37.6,0.6,92,250.2
318,"UBAY, BOHOL",7,7.6,29.4,233.8,11.0,,,,,,,281.8,318,"UBAY, BOHOL","7",,,,,,,,0.0,0.0,10.4,10.4,318,"UBAY, BOHOL","7",0.0,0.0,0.0,0.6,0.2,54.2,0.0,40.2,5.6,0.2,101,393.2
880,"T'BOLI, SOUTH COTABATO",12,0.2,9.2,6.0,15.0,2.0,9.8,25.6,62.4,0.0,2.8,133,880,"T'BOLI, SOUTH COTABATO","12",0.0,0.0,0.0,10.0,4.8,0.0,29.6,0.4,0.0,5.2,50,880,"T'BOLI, SOUTH COTABATO","12",9.6,0.0,0.0,8.6,7.2,1.4,0.0,9.8,37.2,0.4,74.2,257.2
916,"MAGALANG, PAMPANGA",3,0.0,0.0,0.0,0.0,0.0,0.0,0.0,0.0,0.0,0.0,0,916,"MAGALANG, PAMPANGA","3",0.0,0.0,0.0,0.0,2.2,0.0,0.0,0.0,0.0,0.0,2.2,916,"MAGALANG, PAMPANGA","3",0.0,0.0,0.0,0.0,0.0,0.0,7.2,0.0,0.0,0.4,7.6,9.8
873,"GINGOOG CITY, MISAMIS ORIENTAL",10,,,,,0.4,0.2,0.0,0.0,0.0,0.0,0.6,873,"GINGOOG CITY, MISAMIS ORIENTAL","10",0.0,5.4,0.0,,,,,,,,5.4,873,"GINGOOG CITY, MISAMIS ORIENTAL","10",,,,,,,,,0.0,,0,6
342,"PAMPLONA, CAMARINES SUR",5,0.2,0.0,0.0,0.0,0.0,0.0,0.0,0.0,17.4,2.6,20.2,342,"PAMPLONA, CAMARINES SUR","5",8.4,4.2,1.6,6.0,2.4,10.2,0.2,19.4,0.0,0.4,52.8,342,"PAMPLONA, CAMARINES SUR","5",0.0,7.0,2.2,1.0,0.0,0.8,9.2,0.0,35.0,0.0,55.2,128.2
348,"BAIS, NEGROS ORIENTAL",7,0.0,0.0,0.0,0.0,,0.0,,,,,0,348,"BAIS, NEGROS ORIENTAL","7",,,,,,,,,,,,348,"BAIS, NEGROS ORIENTAL","7",,,,,,,,,,,,0
929,"PALAYAN CITY, NUEVA ECIJA",3,0.0,0.0,0.0,0.0,0.0,0.0,0.0,0.0,0.0,0.0,0,929,"PALAYAN CITY, NUEVA ECIJA","3",0.0,133.2,56.6,0.0,0.0,2.4,0.0,0.0,0.0,0.0,192.2,929,"PALAYAN CITY, NUEVA ECIJA","3",0.0,0.0,0.0,0.0,0.0,0.0,22.8,0.0,0.2,4.0,27,219.2
1552,"TUMAUINI(BRGY. ARCON), ISABELA",2,0.0,0.0,0.8,4.2,0.0,0.0,0.0,0.0,0.0,0.0,5,1552,"TUMAUINI(BRGY. ARCON), ISABELA","2",0.0,0.0,0.0,3.4,106.8,0.2,0.0,2.0,2.8,14.6,129.8,1552,"TUMAUINI(BRGY. ARCON), ISABELA","2",0.0,0.0,0.0,0.0,0.0,0.0,,,0.0,0.0,0,134.8
876,"ABULUG, CAGAYAN",2,0.6,14.6,14.8,8.6,0.2,2.8,0.0,0.0,0.0,0.4,42,876,"ABULUG, CAGAYAN","2",0.0,0.0,0.0,0.0,4.2,0.0,12.4,43.2,7.0,0.4,67.2,876,"ABULUG, CAGAYAN","2",0.0,5.4,1.4,0.8,0.0,0.0,8.6,0.2,0.0,0.0,16.4,125.6
357,"POLANCO, ZAMBOANGA DEL NORTE",9,0.6,0.0,0.2,15.4,13.6,0.0,0.4,0.4,4.4,1.2,36.2,357,"POLANCO, ZAMBOANGA DEL NORTE","9",0.8,0.0,4.4,15.8,1.8,1.2,0.0,12.8,52.2,4.8,93.8,357,"POLANCO, ZAMBOANGA DEL NORTE","9",0.0,4.6,4.2,61.8,16.0,15.6,11.2,25.6,46.4,1.4,186.8,316.8
1143,"MASBATE, MASBATE",5,,,,,,,,,,,,1143,"MASBATE, MASBATE","5",,,,,,,,,,,,1143,"MASBATE, MASBATE","5",,,,,,,,,,,,
344,"LABO, CAMARINES NORTE",5,0.2,0.0,3.8,0.0,0.0,1.2,6.0,43.0,15.0,3.4,72.6,344,"LABO, CAMARINES NORTE","5",38.0,3.8,9.0,39.4,13.8,52.6,15.0,8.6,7.6,74.6,262.4,344,"LABO, CAMARINES NORTE","5",4.8,10.0,3.2,0.4,0.0,25.6,18.2,10.0,33.6,18.0,123.8,458.8
922,"ROXAS PALAWAN, PALAWAN",4-B,2.0,0.0,0.0,0.4,7.0,0.0,0.0,1.6,0.6,1.8,13.4,922,"ROXAS PALAWAN, PALAWAN","4-B",0.0,0.4,0.0,0.0,,,,,,,0.4,922,"ROXAS PALAWAN, PALAWAN","4-B",,0.0,0.6,16.2,36.2,2.8,43.4,10.6,9.2,4.2,123.2,137
329,"SAN ANTONIO, QUEZON",4-A,0.0,0.0,0.0,0.0,0.0,4.9,0.0,0.0,0.0,0.0,4.9,329,"SAN ANTONIO, QUEZON","4-A",0.0,4.9,0.0,0.0,4.9,0.0,0.0,0.0,0.0,9.7,19.5,329,"SAN ANTONIO, QUEZON","4-A",4.9,0.0,4.9,0.0,0.0,0.0,0.0,4.9,0.0,0.0,14.7,39.1
378,"BABATNGON, LEYTE",8,0.0,12.2,0.0,1.0,0.2,0.0,26.0,0.2,0.0,0.0,39.6,378,"BABATNGON, LEYTE","8",0.0,6.0,0.4,0.0,9.4,1.0,2.2,0.2,0.2,3.4,22.8,378,"BABATNGON, LEYTE","8",0.0,0.0,3.2,9.4,8.0,23.6,0.4,4.6,28.0,2.2,79.4,141.8
354,"NAVAL, BILIRAN",8,11.4,15.2,1.2,0.0,0.0,0.0,0.0,1.8,1.8,0.0,31.4,354,"NAVAL, BILIRAN","8",0.0,0.0,1.4,12.6,13.8,12.6,0.0,0.4,0.0,24.0,64.8,354,"NAVAL, BILIRAN","8",18.6,23.6,20.4,1.8,2.8,26.2,4.4,2.0,68.8,31.2,199.8,296
899,"CAN-AVID, EASTERN SAMAR",8,0.2,15.0,10.2,0.0,0.0,0.0,2.8,0.0,0.0,0.2,28.4,899,"CAN-AVID, EASTERN SAMAR","8",0.2,45.4,34.4,28.2,15.4,0.0,3.6,6.2,16.6,2.2,152.2,899,"CAN-AVID, EASTERN SAMAR","8",3.4,18.2,8.0,11.0,8.2,16.0,3.0,9.2,86.0,18.6,181.6,362.2
363,"SULOP, POBLACION, DAVAO DEL SUR",11,,,,,,,,,,,,363,"SULOP, POBLACION, DAVAO DEL SUR","11",,,,,,,,,,,,363,"SULOP, POBLACION, DAVAO DEL SUR","11",,,,,,,,,,,,
870,"LANAO DEL NORTE, LANAO DEL NORTE",10,0.0,0.0,9.4,0.0,0.0,0.6,0.0,0.0,0.0,0.0,10,870,"LANAO DEL NORTE, LANAO DEL NORTE","10",0.0,0.0,0.0,0.0,4.4,1.8,3.8,1.8,2.8,27.2,41.8,870,"LANAO DEL NORTE, LANAO DEL NORTE","10",0.2,0.0,0.0,0.0,12.8,16.6,4.2,0.0,0.4,0.0,34.2,86
898,"SAN MIGUEL, LEYTE",8,0.0,38.2,0.4,3.8,0.0,0.0,0.2,2.2,1.2,0.0,46,898,"SAN MIGUEL, LEYTE","8",0.0,2.0,2.8,4.6,9.2,0.0,0.0,0.4,0.0,32.0,51,898,"SAN MIGUEL, LEYTE","8",1.0,0.2,0.8,1.8,2.8,12.8,0.8,5.6,44.0,2.8,72.6,169.6
902,"GERONA, TARLAC",3,0.0,0.0,0.0,0.0,0.0,0.0,0.0,0.0,0.0,0.2,0.2,902,"GERONA, TARLAC","3",0.0,12.0,0.0,0.0,0.0,37.2,0.2,7.4,0.0,0.0,56.8,902,"GERONA, TARLAC","3",0.0,0.0,0.0,0.0,0.0,0.0,7.2,0.0,0.0,0.6,7.8,64.8
987,"BASILAN, ISABELA CITY",9,0.8,0.0,0.0,2.2,2.4,0.0,2.6,0.0,0.0,0.0,8,987,"BASILAN, ISABELA CITY","9",0.0,0.0,0.0,0.2,0.2,0.0,0.0,0.0,0.6,0.2,1.2,987,"BASILAN, ISABELA CITY","9",0.0,0.0,0.0,0.0,0.0,,,,,,0,9.2
376,"PIGCAWAYAN, COTABATO",12,0.0,0.0,0.0,0.0,0.0,0.0,0.0,0.0,0.0,0.0,0,376,"PIGCAWAYAN, COTABATO","12",0.0,0.0,0.0,0.0,0.0,15.8,0.0,0.0,0.0,0.0,15.8,376,"PIGCAWAYAN, COTABATO","12",0.0,0.0,0.0,5.3,0.0,0.0,0.0,0.0,0.0,0.0,5.3,21.1
919,"PATNONGON, ANTIQUE",6,12.8,0.0,0.0,0.0,0.0,0.0,0.0,0.0,0.0,0.0,12.8,919,"PATNONGON, ANTIQUE","6",0.0,0.0,0.0,0.0,12.2,0.0,0.0,0.0,0.0,7.6,19.8,919,"PATNONGON, ANTIQUE","6",0.2,0.6,0.0,16.4,0.0,2.4,13.2,0.0,7.4,0.0,40.2,72.8
918,"SAN LUIS, AURORA",3,0.0,0.0,20.0,0.2,14.8,0.0,0.0,0.8,0.0,0.0,35.8,918,"SAN LUIS, AURORA","3",0.0,0.2,0.0,7.4,22.4,0.2,7.8,0.0,5.6,0.0,43.6,918,"SAN LUIS, AURORA","3",0.0,3.0,0.0,2.6,1.6,3.8,101.2,13.2,23.8,1.8,151,230.4
932,"SULTAN KUDARAT, MAGUINDANAO, MAGUINDANAO",ARMM,123.0,0.0,0.0,0.6,0.4,5.6,6.6,0.0,0.0,3.0,139.2,932,"SULTAN KUDARAT, MAGUINDANAO, MAGUINDANAO","ARMM",0.0,0.0,0.0,0.2,20.2,0.2,0.0,4.6,11.2,15.4,51.8,932,"SULTAN KUDARAT, MAGUINDANAO, MAGUINDANAO","ARMM",16.6,2.0,4.2,8.2,4.6,1.8,0.4,1.0,25.8,0.0,64.6,255.6
349,"SIQUIJOR, SIQUIJOR",7,0.0,0.0,0.0,0.0,0.0,0.0,0.0,0.0,0.0,0.0,0,349,"SIQUIJOR, SIQUIJOR","7",0.0,0.0,0.0,0.0,0.0,0.0,0.0,0.0,0.0,0.0,0,349,"SIQUIJOR, SIQUIJOR","7",0.0,0.0,0.0,0.0,0.0,0.0,0.0,0.0,0.0,0.0,0,0
356,"KALAWIT, ZAMBOANGA DEL NORTE",9,0.0,17.8,48.8,0.4,0.8,0.0,35.0,9.6,0.2,0.0,112.6,356,"KALAWIT, ZAMBOANGA DEL NORTE","9",0.0,0.0,0.0,0.0,0.0,10.4,7.6,0.0,0.0,0.0,18,356,"KALAWIT, ZAMBOANGA DEL NORTE","9",7.4,0.2,0.0,1.6,0.0,0.2,0.2,0.0,12.6,2.6,24.8,155.4
924,"PANIT-AN, CAPIZ",6,0.2,0.0,0.0,0.0,0.0,2.0,0.0,0.0,0.0,0.0,2.2,924,"PANIT-AN, CAPIZ","6",0.0,0.8,0.0,17.8,4.8,0.4,41.4,0.0,0.0,44.2,109.4,924,"PANIT-AN, CAPIZ","6",0.2,2.2,2.8,0.0,17.6,33.6,6.8,0.0,41.6,0.0,104.8,216.4
872,"KALILANGAN, BUKIDNON",10,10.2,2.0,31.6,18.0,21.0,39.0,9.0,4.0,41.6,0.2,176.6,872,"KALILANGAN, BUKIDNON","10",0.0,0.4,0.0,5.0,20.0,6.4,33.0,48.0,0.0,86.8,199.6,872,"KALILANGAN, BUKIDNON","10",4.2,6.0,0.0,0.0,18.6,25.4,2.8,2.0,4.4,0.0,63.4,439.6
340,"SUAL, PANGASINAN",1,0.0,0.0,0.0,0.0,0.0,0.0,0.0,0.0,0.0,0.0,0,340,"SUAL, PANGASINAN","1",0.0,0.0,0.0,0.0,0.0,0.2,0.0,0.0,0.0,0.0,0.2,340,"SUAL, PANGASINAN","1",0.0,0.0,0.0,0.0,0.0,0.0,0.0,0.0,0.0,0.0,0,0.2
359,"IPIL, ZAMBOANGA SIBUGAY",9,9.4,2.0,175.2,5.8,9.0,0.8,0.0,4.0,5.8,0.0,212,359,"IPIL, ZAMBOANGA SIBUGAY","9",40.0,0.2,0.0,1.2,0.2,6.6,0.0,0.0,0.0,0.0,48.2,359,"IPIL, ZAMBOANGA SIBUGAY","9",0.0,71.4,7.0,0.0,9.0,0.8,13.8,0.0,1.2,0.2,103.4,363.6
896,"BARILI, CEBU",7,0.0,0.2,0.4,0.0,0.0,0.0,0.0,0.0,0.0,0.0,0.6,896,"BARILI, CEBU","7",16.8,1.4,3.2,0.2,1.8,0.0,0.0,0.0,0.0,1.8,25.2,896,"BARILI, CEBU","7",0.0,0.0,6.8,0.0,0.8,61.2,14.8,25.6,8.2,0.0,117.4,143.2
878,"SEN. NINOY AQUINO, SULTAN KUDARAT",12,0.0,0.0,13.2,0.0,3.8,4.4,2.6,12.4,0.6,9.8,46.8,878,"SEN. NINOY AQUINO, SULTAN KUDARAT","12",59.6,7.6,13.0,13.0,4.4,2.2,0.0,0.0,0.0,4.6,104.4,878,"SEN. NINOY AQUINO, SULTAN KUDARAT","12",22.6,0.0,0.0,1.8,5.6,3.6,1.2,0.0,3.6,0.0,38.4,189.6
1079,"PINAMALAYAN, ORIENTAL MINDORO",4-B,0.0,0.0,2.2,12.0,0.0,0.4,0.2,26.0,6.4,5.0,52.2,1079,"PINAMALAYAN, ORIENTAL MINDORO","4-B",13.4,7.8,7.4,14.0,0.0,0.0,6.6,19.6,26.8,15.6,111.2,1079,"PINAMALAYAN, ORIENTAL MINDORO","4-B",1.2,2.2,11.4,0.8,2.4,2.0,4.2,0.0,30.4,7.0,61.6,225
1141,"STA. BARBARA - ILOILO, ILOILO",6,0.0,0.0,0.0,0.0,0.0,0.0,0.0,0.0,0.0,0.0,0,1141,"STA. BARBARA - ILOILO, ILOILO","6",0.0,0.0,0.0,0.0,0.0,0.0,0.0,0.0,0.0,0.8,0.8,1141,"STA. BARBARA - ILOILO, ILOILO","6",0.0,0.0,0.0,0.3,0.0,0.6,1.6,0.1,0.1,0.0,2.7,3.5
903,"BOTOLAN, ZAMBALES",3,1.4,0.0,0.2,0.0,0.0,0.0,0.0,0.0,0.0,0.0,1.6,903,"BOTOLAN, ZAMBALES","3",0.0,0.0,0.0,0.0,0.0,0.0,0.0,0.0,0.0,0.0,0,903,"BOTOLAN, ZAMBALES","3",0.0,0.0,0.0,0.0,0.0,0.0,0.6,0.0,0.0,0.0,0.6,2.2
927,"BAGO CITY, NEGROS OCCIDENTAL",6,0.2,0.0,0.0,0.0,6.2,0.0,0.0,0.0,0.0,0.0,6.4,927,"BAGO CITY, NEGROS OCCIDENTAL","6",0.0,0.0,0.0,0.0,21.0,0.0,0.0,2.6,0.0,6.0,29.6,927,"BAGO CITY, NEGROS OCCIDENTAL","6",0.0,6.0,0.0,0.0,0.4,6.0,9.4,0.0,0.2,0.0,22,58
316,"STO TOMAS, DAVAO DEL NORTE",11,0.6,21.2,2.8,7.0,0.0,14.2,0.0,8.0,0.2,0.0,54,316,"STO TOMAS, DAVAO DEL NORTE","11",0.0,0.0,0.0,16.8,11.2,0.2,6.0,34.2,0.0,0.0,68.4,316,"STO TOMAS, DAVAO DEL NORTE","11",0.0,2.0,0.0,0.0,6.4,20.4,1.6,5.2,1.2,0.0,36.8,159.2
879,"TACURONG CITY, SULTAN KUDARAT",12,0.0,0.0,0.0,16.2,1.8,1.2,6.1,0.0,0.0,0.2,25.5,879,"TACURONG CITY, SULTAN KUDARAT","12",0.0,0.0,0.0,8.0,0.0,0.0,0.0,0.0,0.0,10.0,18,879,"TACURONG CITY, SULTAN KUDARAT","12",6.6,0.0,0.0,0.8,11.0,0.0,16.8,0.8,17.4,0.4,53.8,97.3
866,"GUINSILIBAN, CAMIGUIN",10,5.2,2.8,47.2,0.0,5.5,0.4,0.0,0.0,0.0,4.9,66,866,"GUINSILIBAN, CAMIGUIN","10",0.0,0.0,0.0,0.0,34.2,9.7,0.0,0.0,0.0,0.2,44.1,866,"GUINSILIBAN, CAMIGUIN","10",0.0,0.0,0.0,0.0,0.0,0.8,4.9,4.9,0.2,,10.8,120.9
372,"ROXAS, ISABELA",2,0.0,0.0,0.0,0.0,0.0,0.0,0.0,0.0,0.0,0.0,0,372,"ROXAS, ISABELA","2",0.0,0.0,0.0,0.4,63.6,0.0,0.0,0.0,0.2,0.0,64.2,372,"ROXAS, ISABELA","2",0.0,0.0,0.0,0.0,0.0,0.0,29.2,0.0,0.2,0.2,29.6,93.8
890,"ESPERANZA, AGUSAN DEL SUR",13,0.0,1.4,18.0,5.2,10.2,1.8,0.0,0.0,0.0,0.0,36.6,890,"ESPERANZA, AGUSAN DEL SUR","13",0.0,0.0,0.0,0.0,0.0,0.0,0.2,0.0,0.2,0.0,0.4,890,"ESPERANZA, AGUSAN DEL SUR","13",0.0,0.0,0.6,2.4,,,,,,,3,40
327,"STA. CRUZ - LAGUNA, LAGUNA",4-A,11.6,0.0,23.0,2.8,0.2,0.0,0.0,0.4,0.4,0.0,38.4,327,"STA. CRUZ - LAGUNA, LAGUNA","4-A",1.2,1.2,0.0,6.6,2.4,0.0,0.0,0.0,0.4,1.8,13.6,327,"STA. CRUZ - LAGUNA, LAGUNA","4-A",0.0,0.0,0.0,0.8,3.4,0.8,42.4,11.8,21.0,10.6,90.8,142.8
917,"CALINOG, ILOILO",6,5.5,4.9,0.0,0.2,0.0,0.0,0.0,0.0,0.4,0.0,11,917,"CALINOG, ILOILO","6",4.0,0.0,0.0,0.4,0.0,0.0,0.0,0.2,0.0,12.8,17.4,917,"CALINOG, ILOILO","6",12.6,0.6,0.8,1.6,0.8,14.6,10.8,0.0,32.0,0.0,73.8,102.2
1128,"ALCANTARA, ROMBLON",4-B,0.0,0.0,0.0,0.0,0.0,0.0,0.0,15.0,0.4,0.0,15.4,1128,"ALCANTARA, ROMBLON","4-B",0.0,0.2,2.0,0.0,0.0,0.0,0.8,0.0,0.0,4.8,7.8,1128,"ALCANTARA, ROMBLON","4-B",2.6,0.0,0.0,0.0,0.0,0.0,4.2,0.0,12.4,0.0,19.2,42.4
503,"AGLIPAY, QUIRINO",2,0.0,0.2,9.0,1.2,0.2,0.0,0.0,0.0,0.0,0.0,10.6,503,"AGLIPAY, QUIRINO","2",1.4,1.2,0.0,7.4,21.8,0.0,3.8,5.8,5.6,5.6,52.6,503,"AGLIPAY, QUIRINO","2",0.0,0.4,0.0,0.0,0.0,0.0,65.0,0.6,2.8,0.0,68.8,132
1324,"VILLAREAL, SAMAR",8,0.0,26.4,0.0,0.0,0.0,0.0,0.0,6.2,0.0,0.0,32.6,1324,"VILLAREAL, SAMAR","8",0.0,13.2,5.0,22.2,22.8,0.0,5.0,0.8,0.6,14.2,83.8,1324,"VILLAREAL, SAMAR","8",1.2,46.2,21.0,5.0,8.8,27.4,4.2,9.0,31.2,1.4,155.4,271.8
379,"SAN JOSE - CAMARINES SUR, CAMARINES SUR",5,2.6,2.8,0.6,0.0,0.0,0.0,0.0,0.2,11.8,5.6,23.6,379,"SAN JOSE - CAMARINES SUR, CAMARINES SUR","5",6.4,14.4,4.6,1.6,0.8,2.6,0.0,1.0,0.4,47.6,79.4,379,"SAN JOSE - CAMARINES SUR, CAMARINES SUR","5",0.0,1.6,6.8,0.0,7.2,11.2,16.0,0.0,69.6,0.2,112.6,215.6
626,"KIAMBA, SARANGANI",12,0.0,1.0,9.0,0.0,0.0,0.2,4.2,0.0,8.4,1.4,24.2,626,"KIAMBA, SARANGANI","12",0.6,0.2,1.0,3.6,0.0,7.0,0.2,0.0,0.0,0.2,12.8,626,"KIAMBA, SARANGANI","12",0.0,0.0,0.0,2.2,2.0,0.0,15.0,0.0,0.4,0.0,19.6,56.6
374,"POBLACION LILOY, ZAMBOANGA DEL NORTE",9,,,,,,,,,,,,374,"POBLACION LILOY, ZAMBOANGA DEL NORTE","9",,,,,,,,,,,,374,"POBLACION LILOY, ZAMBOANGA DEL NORTE","9",,,,,,,,,,,,
351,"CARMEN, BOHOL",7,9.2,0.0,11.0,0.0,1.0,0.0,0.0,0.0,0.0,0.0,21.2,351,"CARMEN, BOHOL","7",0.0,0.0,1.4,0.0,7.6,0.0,0.0,0.0,0.0,2.0,11,351,"CARMEN, BOHOL","7",0.0,0.0,0.0,0.0,0.4,42.0,0.0,0.0,5.8,0.0,48.2,80.4
967,"STA. CRUZ - MARINDUQUE, MARINDUQUE",4-B,0.2,0.0,0.6,0.2,0.0,0.6,0.2,1.6,2.2,0.6,6.2,967,"STA. CRUZ - MARINDUQUE, MARINDUQUE","4-B",0.2,0.0,0.0,0.2,0.0,0.2,0.0,27.2,0.0,0.6,28.4,967,"STA. CRUZ - MARINDUQUE, MARINDUQUE","4-B",0.0,0.0,0.0,0.2,0.2,0.2,0.0,0.0,7.4,0.0,8,42.6
328,"AYUTI, QUEZON",4-A,4.4,0.0,41.4,8.6,4.4,1.2,2.0,9.2,8.6,2.0,81.8,328,"AYUTI, QUEZON","4-A",7.0,24.4,4.8,21.0,17.2,0.0,0.2,3.0,40.8,24.6,143,328,"AYUTI, QUEZON","4-A",2.8,1.4,6.4,1.0,8.0,4.8,14.2,15.2,40.6,3.0,97.4,322.2
865,"ILAGAN, ISABELA",2,0.0,0.0,1.8,42.6,0.0,0.0,0.0,0.0,0.0,0.0,44.4,865,"ILAGAN, ISABELA","2",0.2,0.0,0.0,7.0,170.6,0.0,0.0,1.4,3.2,0.0,182.4,865,"ILAGAN, ISABELA","2",0.0,0.4,0.0,0.0,0.0,0.0,63.0,0.0,2.0,0.0,65.4,292.2
934,"KAPATAGAN, LANAO DEL SUR",ARMM,0.0,0.0,0.0,0.0,0.0,0.0,0.0,0.0,0.0,0.0,0,934,"KAPATAGAN, LANAO DEL SUR","ARMM",0.0,0.0,0.0,0.0,0.0,0.0,0.2,0.0,0.0,0.0,0.2,934,"KAPATAGAN, LANAO DEL SUR","ARMM",0.0,0.0,0.2,0.0,0.0,,0.0,0.0,0.0,0.0,0.2,0.4
370,"SAN FRANCISCO, SURIGAO DEL NORTE",13,0.0,0.0,0.0,0.0,0.0,0.0,0.0,0.0,0.0,0.0,0,370,"SAN FRANCISCO, SURIGAO DEL NORTE","13",0.0,0.0,0.0,0.0,0.0,0.0,0.0,0.0,0.0,0.0,0,370,"SAN FRANCISCO, SURIGAO DEL NORTE","13",0.0,0.0,0.0,0.0,0.0,0.0,0.0,0.0,0.0,0.0,0,0
358,"DUMINGAG, ZAMBOANGA DEL SUR",9,0.0,7.6,47.0,29.0,0.2,0.0,0.0,0.0,0.4,0.2,84.4,358,"DUMINGAG, ZAMBOANGA DEL SUR","9",0.0,0.0,0.0,0.0,30.6,31.2,22.2,8.0,6.2,9.0,107.2,358,"DUMINGAG, ZAMBOANGA DEL SUR","9",19.6,0.0,0.0,0.0,2.6,12.0,74.6,0.0,1.4,0.0,110.2,301.8
338,"STA. BARBARA - PANGASINAN, PANGASINAN",1,0.0,0.0,0.0,19.0,0.0,0.0,0.0,0.0,0.0,0.0,19,338,"STA. BARBARA - PANGASINAN, PANGASINAN","1",0.0,0.0,0.0,0.0,0.0,0.2,0.2,0.0,0.0,0.0,0.4,338,"STA. BARBARA - PANGASINAN, PANGASINAN","1",0.0,0.0,0.0,0.0,0.0,0.0,2.6,0.0,0.0,0.0,2.6,22
353,"MALITBOG, SOUTHERN LEYTE",8,0.0,7.0,3.2,1.2,16.6,0.2,0.0,0.0,0.0,0.0,28.2,353,"MALITBOG, SOUTHERN LEYTE","8",0.0,7.8,0.0,0.0,1.2,0.0,0.0,0.0,0.0,0.0,9,353,"MALITBOG, SOUTHERN LEYTE","8",0.0,0.0,0.0,6.0,9.0,67.8,3.4,53.2,20.4,1.0,160.8,198
333,"BUCAY, ABRA",CAR,0.6,0.0,0.0,0.0,0.0,0.0,0.0,0.2,0.0,0.0,0.8,333,"BUCAY, ABRA","CAR",0.0,0.0,0.0,0.0,7.4,73.0,0.2,0.0,0.0,0.0,80.6,333,"BUCAY, ABRA","CAR",0.0,0.0,0.0,0.0,0.0,0.0,4.2,0.0,0.0,0.2,4.4,85.8
1080,"SABLAYAN, OCCIDENTAL MINDORO",4-B,1.2,0.0,0.0,1.0,0.0,2.6,0.0,2.2,0.0,0.0,7,1080,"SABLAYAN, OCCIDENTAL MINDORO","4-B",0.0,7.0,0.0,0.0,8.4,26.2,1.4,1.4,11.8,1.8,58,1080,"SABLAYAN, OCCIDENTAL MINDORO","4-B",1.2,14.6,0.0,0.0,0.0,0.0,0.4,0.2,14.4,0.0,30.8,95.8
365,"BANAYBANAY, DAVAO ORIENTAL",11,0.0,4.8,0.0,0.0,2.4,26.0,2.6,1.0,0.2,0.0,37,365,"BANAYBANAY, DAVAO ORIENTAL","11",0.0,0.0,0.0,0.0,0.8,2.6,0.0,1.2,0.0,0.0,4.6,365,"BANAYBANAY, DAVAO ORIENTAL","11",0.0,0.0,0.0,0.0,1.6,4.8,4.4,16.4,4.4,0.0,31.6,73.2
867,"DANGCAGAN, BUKIDNON",10,0.0,0.0,0.0,8.4,6.6,2.6,7.8,35.4,3.8,5.8,70.4,867,"DANGCAGAN, BUKIDNON","10",0.0,0.0,7.4,0.0,16.2,0.0,0.0,18.2,0.0,47.0,88.8,867,"DANGCAGAN, BUKIDNON","10",27.0,1.0,0.6,0.4,0.0,19.0,1.6,9.2,17.2,0.0,76,235.2
319,"NAIC CAMPUS, CAVITE",4-A,,,,,,,,,,,,319,"NAIC CAMPUS, CAVITE","4-A",,,,,,,,,,,,319,"NAIC CAMPUS, CAVITE","4-A",,,,,,,,,,,,
502,"BAGABAG, NUEVA VIZCAYA",2,0.0,0.0,0.8,0.0,0.0,0.0,0.0,0.6,0.0,0.0,1.4,502,"BAGABAG, NUEVA VIZCAYA","2",0.0,0.0,0.0,0.0,11.6,0.0,0.0,0.4,1.2,0.6,13.8,502,"BAGABAG, NUEVA VIZCAYA","2",0.2,0.0,0.0,0.0,0.0,0.0,19.6,0.0,4.6,0.0,24.4,39.6
920,"GUIMBA, NUEVA ECIJA",3,0.0,0.0,0.0,0.0,0.0,0.0,0.0,0.0,0.0,0.0,0,920,"GUIMBA, NUEVA ECIJA","3",0.0,0.0,0.0,0.0,0.0,0.0,23.8,0.0,0.2,0.0,24,920,"GUIMBA, NUEVA ECIJA","3",0.0,0.0,0.0,0.0,0.0,0.0,10.4,0.0,0.2,0.0,10.6,34.6
381,"ARAKAN, COTABATO",12,0.0,0.2,0.2,38.8,42.4,6.6,71.0,8.4,3.0,16.2,186.8,381,"ARAKAN, COTABATO","12",0.0,0.0,1.0,41.4,0.0,2.4,6.2,5.4,0.0,1.4,57.8,381,"ARAKAN, COTABATO","12",1.4,0.0,1.6,0.0,9.2,12.4,0.2,4.6,4.8,0.0,34.2,278.8
341,"STA. MARIA - ILOCOS SUR, ILOCOS SUR",1,0.0,0.0,0.0,0.0,0.0,0.0,0.0,0.0,0.0,0.0,0,341,"STA. MARIA - ILOCOS SUR, ILOCOS SUR","1",0.0,0.0,0.0,0.0,5.2,0.0,0.0,0.0,0.0,0.0,5.2,341,"STA. MARIA - ILOCOS SUR, ILOCOS SUR","1",0.0,0.0,0.0,0.0,0.0,0.0,0.0,0.0,0.0,0.0,0,5.2
897,"ABUYUG, LEYTE",8,0.0,33.8,36.4,20.8,0.4,0.0,4.8,0.2,0.0,0.0,96.4,897,"ABUYUG, LEYTE","8",0.0,0.0,0.0,6.6,3.0,1.2,1.8,0.2,4.6,6.8,24.2,897,"ABUYUG, LEYTE","8",0.0,19.6,16.6,17.0,7.8,32.8,17.0,12.0,7.4,10.0,140.2,260.8
334,"BARLIG, MOUNTAIN PROVINCE",CAR,,,,,,,,,,,,334,"BARLIG, MOUNTAIN PROVINCE","CAR",,,,,,,,,,,,334,"BARLIG, MOUNTAIN PROVINCE","CAR",,,,,,,,,,,,
882,"KIDAPAWAN, COTABATO",12,0.0,0.6,51.0,0.2,2.8,6.0,42.4,1.8,0.2,53.2,158.2,882,"KIDAPAWAN, COTABATO","12",0.0,0.0,3.4,0.0,0.0,0.0,0.0,0.6,0.8,33.2,38,882,"KIDAPAWAN, COTABATO","12",0.8,0.0,0.0,0.0,69.0,59.0,11.8,5.6,14.0,0.2,160.4,356.6
336,"BALBALAN, KALINGA",CAR,0.0,0.0,13.0,0.4,,0.2,0.0,0.0,0.0,0.4,14,336,"BALBALAN, KALINGA","CAR",0.0,0.0,0.0,11.4,72.6,,,11.4,6.6,0.0,102,336,"BALBALAN, KALINGA","CAR",,0.4,0.4,0.0,0.0,0.0,23.8,0.0,1.4,0.0,26,142
345,"CASTILLA, SORSOGON",5,0.0,0.6,0.0,0.0,0.0,0.0,0.0,0.0,0.6,3.0,4.2,345,"CASTILLA, SORSOGON","5",0.0,17.6,13.0,4.0,0.0,0.6,0.0,3.2,6.6,13.6,58.6,345,"CASTILLA, SORSOGON","5",1.8,0.0,4.4,14.2,6.6,9.6,19.0,3.2,80.8,7.0,146.6,209.4
364,"MARAGUSAN, COMPOSTELA VALLEY",11,0.0,0.8,3.4,,,19.2,0.0,0.0,,,23.4,364,"MARAGUSAN, COMPOSTELA VALLEY","11",0.0,0.0,0.4,4.8,0.6,6.6,,,,0.4,12.8,364,"MARAGUSAN, COMPOSTELA VALLEY","11",0.6,0.0,1.0,0.0,10.2,17.8,1.0,,1.8,0.0,32.4,68.6
887,"CANTILAN, SURIGAO DEL SUR",13,4.8,2.0,0.2,2.4,56.6,5.0,0.0,0.0,0.0,4.4,75.4,887,"CANTILAN, SURIGAO DEL SUR","13",0.2,0.0,0.0,0.0,11.8,0.2,1.6,4.8,0.2,14.4,33.2,887,"CANTILAN, SURIGAO DEL SUR","13",1.4,0.2,0.0,0.8,52.8,125.6,11.2,55.4,59.2,0.2,306.8,415.4
347,"PANDAN, CATANDUANES",5,0.2,11.6,1.0,0.0,0.0,0.0,68.8,8.2,7.4,7.8,105,347,"PANDAN, CATANDUANES","5",18.0,11.8,8.0,126.8,8.4,3.4,18.8,6.8,12.6,36.0,250.6,347,"PANDAN, CATANDUANES","5",0.4,48.0,8.0,2.2,17.4,11.0,7.2,7.2,8.8,13.8,124,479.6
383,"SAN JOSE - NEGROS ORIENTAL, NEGROS ORIENTAL",7,,0.0,50.4,1.8,,99.4,5.2,0.0,0.0,0.0,156.8,383,"SAN JOSE - NEGROS ORIENTAL, NEGROS ORIENTAL","7",0.0,0.0,0.0,0.6,7.4,14.2,1.4,0.0,1.4,30.0,55,383,"SAN JOSE - NEGROS ORIENTAL, NEGROS ORIENTAL","7",0.4,0.0,6.6,0.0,0.0,23.0,194.2,8.0,29.2,1.4,262.8,474.6
337,"SUDIPEN, LA UNION",1,1.0,0.0,0.0,0.0,0.0,0.0,0.0,0.0,0.0,0.0,1,337,"SUDIPEN, LA UNION","1",0.0,0.0,0.0,0.0,0.0,0.0,0.0,0.0,0.0,0.0,0,337,"SUDIPEN, LA UNION","1",0.0,0.0,0.0,0.0,0.0,0.0,8.2,0.0,0.0,1.2,9.4,10.4
1103,"ABUCAY, BATAAN",3,0.0,0.0,0.0,0.0,0.0,0.0,0.0,2.0,0.0,0.0,2,1103,"ABUCAY, BATAAN","3",0.2,0.0,0.0,0.2,0.0,0.0,0.4,0.2,0.0,0.0,1,1103,"ABUCAY, BATAAN","3",0.0,1.0,0.0,0.0,0.0,0.6,12.2,0.0,1.0,1.8,16.6,19.6
362,"CATEEL, DAVAO ORIENTAL",11,0.0,0.6,0.0,42.2,14.8,156.4,24.6,0.0,0.0,0.0,238.6,362,"CATEEL, DAVAO ORIENTAL","11",0.0,0.0,0.0,4.4,3.6,6.6,0.0,0.0,7.4,9.8,31.8,362,"CATEEL, DAVAO ORIENTAL","11",2.2,0.0,7.4,3.4,5.0,16.6,0.4,45.6,26.6,0.4,107.6,378
326,"LEMERY, BATANGAS",4-A,2.8,0.0,0.4,0.0,0.0,0.0,0.0,0.0,0.0,0.0,3.2,326,"LEMERY, BATANGAS","4-A",6.1,0.0,5.5,1.6,0.0,0.0,3.4,0.0,0.2,0.0,16.8,326,"LEMERY, BATANGAS","4-A",0.0,0.0,0.0,0.6,0.0,0.2,11.1,0.0,11.0,0.0,22.9,42.9
1081,"SAN JOSE - OCCIDENTAL MINDORO, OCCIDENTAL MINDORO",4-B,3.2,0.0,0.0,1.4,0.0,0.0,0.0,0.0,6.0,0.2,10.8,1081,"SAN JOSE - OCCIDENTAL MINDORO, OCCIDENTAL MINDORO","4-B",0.0,0.0,0.0,0.0,0.0,0.0,0.0,0.0,2.2,14.2,16.4,1081,"SAN JOSE - OCCIDENTAL MINDORO, OCCIDENTAL MINDORO","4-B",0.4,0.0,0.0,0.0,0.0,0.0,0.8,0.0,6.8,0.4,8.4,35.6